28
9
63
13
32
63
51
65
68
62
91
19
27
73
37
83
46
18
6
75
84
96
93
51
85
77
4
95
88
36
84
34
13
49
96
21
95
3
52
97
68
47
18
40
97
51
30
42
78
73
39
71
7
97
4
35
24
58
42
45
58
56
93
10
56
19
95
4
26
35
73
52
50
100
21
72
67
14
47
10
53
82
3
96
12
41
90
49
84
55
10
92
18
95
14
10
54
34
98
33
100
39
36
49
11
7
8
52
25
100
42
99
48
37
36
24
12
74
42
17
13
100
80
64
85
59
88
4
10
47
47
27
67
3
86
30
67
55
29
89
40
93
52
31
34
10
40
75
71
54
65
35
43
96
70
32
60
49
29
76
41
70
35
83
47
30
61
3
30
77
18
49
65
69
58
38
16
6
57
84
100
80
32
76
68
30
67
12
94
0
85
41
26
89
51
42
2
91
51
72
57
17
33
14
46
7
63
81
53
63
5
63
71
23
97
77
97
12
27
85
97
8
66
70
28
78
81
80
26
57
87
69
92
64
69
4
18
86
13
33
24
25
26
17
45
40
39
24
34
33
26
15
18
84
15
26
42
11
27
45
19
13
76
35
62
60
79
42
13
3
21
59
84
20
43
58
38
83
71
28
46
51
28
36
84
19
72
50
36
45
48
6
14
77
26
21
5
77
72
8
10
89
72
89
80
11
2
22
68
75
72
62
44
9
60
30
70
62
55
76
25
61
2
99
46
28
94
97
25
94
85
93
37
60
56
42
13
97
52
30
25
68
29
29
21
43
59
19
85
70
88
34
64
73
67
18
98
38
60
100
35
100
90
22
83
60
15
33
72
54
53
65
41
94
19
62
19
6
41
10
29
17
61
6
46
67
73
94
94
23
60
23
39
100
37
32
52
94
21
58
16
59
100
73
74
14
79
42
79
50
1
15
77
71
83
73
98
9
44
67
63
53
3
66
50
49
10
9
35
98
31
86
92
28
39
80
35
74
61
83
18
17
83
60
56
96
67
24
86
16
43
75
67
16
17
86
13
78
12
66
90
96
67
33
91
41
92
99
5
67
26
8
21
29
93
47
10
47
52
45
61
45
53
24
39
93
71
10
81
2
95
45
29
49
44
20
84
58
58
31
94
14
14
39
25
40
96
41
96
87
76
35
97
66
26
96
96
46
3
49
76
94
72
83
72
97
20
39
61
94
25
97
10
5
20
73
10
8
78
7
68
20
68
79
44
69
91
31
65
63
70
99
41
65
93
7
5
28
31
88
74
45
30
43
59
80
59
22
13
48
3
48
84
41
95
3
93
56
75
69
1
21
82
61
17
42
52
44
50
62
23
1
37
19
80
8
40
61
12
31
37
27
86
21
96
100
37
48
9
4
2
99
39
91
3
32
89
11
15
11
0
29
62
23
56
45
77
52
94
64
98
36
10
45
8
86
32
76
81
30
85
20
65
14
6
56
77
64
27
84
3
64
78
26
8
79
71
14
21
35
62
4
76
46
71
32
10
7
8
82
72
62
24
64
46
63
12
95
98
34
88
24
4
91
23
69
73
60
8
17
20
61
56
23
86
73
20
44
89
60
76
1
64
38
25
37
95
14
91
98
60
27
1
52
44
71
92
60
22
80
51
73
43
33
19
62
94
42
30
50
94
90
10
69
64
13
57
89
43
14
60
75
60
73
100
53
89
90
21
75
25
2
77
38
68
5
27
74
68
52
36
79
66
66
1
85
41
68
77
100
62
3
28
69
89
71
74
49
73
97
75
95
100
81
62
19
2
92
14
7
12
38
88
78
98
85
96
26
55
33
20
30
2
52
23
40
88
88
5
63
30
13
8
76
85
72
69
43
95
74
86
5
95
15
93
66
29
6
53
39
96
9
70
79
88
4
38
49
17
7
64
17
74
11
57
62
4
24
68
42
63
85
53
76
76
33
15
81
58
34
51
25
59
89
67
54
70
1
14
92
21
87
87
52
51
9
48
30
28
44
46
85
22
96
56
64
82
8
92
75
1
4
0
20
72
68
68
68
8
64
40
32
67
21
86
21
85
77
17
65
57
12
2
10
22
50
27
25
24
36
48
72
50
2
14
73
93
6
84
73
9
13
16
30
9
78
56
4
40
45
71
25
81
60
80
68
22
28
17
78
74
97
38
81
75
21
26
55
46
100
76
97
66
94
89
32
47
81
75
3
24
24
69
13
92
67
32
77
76
20
34
53
40
60
58
20
36
42
53
12
97
82
12
25
42
41
32
98
97
73
