48
56
55
22
3
4
38
22
32
84
33
61
92
36
59
94
64
92
55
91
65
16
21
89
22
96
19
8
8
28
98
91
10
63
27
30
84
82
85
53
34
8
19
42
93
13
15
31
71
97
95
0
53
70
88
15
89
14
60
97
28
53
62
76
39
70
94
28
25
81
16
62
29
18
29
84
99
100
66
45
8
79
43
24
59
10
32
66
65
29
35
98
48
3
96
42
56
32
69
11
6
77
56
93
78
46
50
86
58
64
64
90
91
34
17
99
99
42
59
7
26
0
76
66
47
1
35
16
9
38
55
6
73
98
96
29
72
10
8
17
71
69
39
76
58
76
97
81
49
0
53
41
74
12
90
89
30
90
42
78
60
11
98
20
25
54
78
27
59
83
60
21
17
69
8
21
40
26
11
51
9
56
45
56
90
29
77
27
28
3
40
5
90
25
73
52
53
65
97
16
28
14
38
28
25
99
94
18
73
61
70
57
99
63
94
37
70
4
81
96
80
77
89
98
43
23
96
14
48
6
3
67
88
65
30
14
13
8
99
25
36
12
46
18
2
41
90
53
79
96
78
84
63
43
82
92
87
94
47
72
76
17
4
89
77
77
100
32
100
73
40
48
55
2
31
6
100
40
87
100
91
40
90
26
31
5
22
34
80
65
80
44
51
98
55
18
66
33
46
33
74
15
38
25
28
39
75
20
40
16
52
78
17
39
34
57
63
47
96
11
92
43
49
31
82
56
46
57
16
59
91
39
84
68
31
13
9
46
70
63
77
53
74
56
19
70
18
75
80
92
55
85
45
91
13
25
2
18
69
60
17
39
38
45
57
67
36
52
32
74
75
69
78
77
92
7
43
98
72
97
93
4
11
31
90
59
95
3
62
78
77
88
26
23
72
28
61
92
47
100
68
81
63
29
45
30
6
97
50
4
70
56
30
4
67
57
25
37
45
71
50
29
34
56
86
62
6
14
19
29
51
41
9
34
3
29
4
9
78
66
94
58
81
70
74
74
13
23
95
24
89
47
3
70
99
68
74
28
92
12
100
64
92
54
45
5
92
85
35
51
22
81
57
73
75
67
61
23
66
50
54
93
28
78
0
38
98
45
100
63
8
5
0
48
78
75
60
60
57
59
53
11
68
22
18
45
48
17
99
35
42
34
72
71
30
47
12
41
57
27
7
72
12
40
21
92
86
9
43
33
47
25
36
0
20
2
12
90
33
15
17
95
3
8
47
23
85
76
95
67
58
72
56
52
47
72
70
1
33
70
2
41
6
65
95
86
48
22
97
77
64
24
9
54
99
2
42
29
97
21
38
46
77
3
74
24
80
55
37
21
18
28
26
10
7
77
69
28
81
31
62
98
100
58
42
56
28
7
59
79
6
76
12
69
91
46
39
32
81
60
6
8
61
73
80
68
26
57
17
86
69
66
28
26
17
31
15
81
96
51
88
8
41
42
18
34
31
2
72
22
93
45
30
14
48
29
14
21
67
71
60
26
15
87
41
83
22
62
60
50
49
15
29
60
34
55
46
58
79
19
66
100
25
7
84
14
95
27
94
27
5
51
57
25
28
43
73
33
49
13
93
15
19
80
3
6
49
52
71
93
44
17
84
39
58
54
70
27
14
84
98
83
90
18
60
0
30
93
4
82
82
83
100
92
10
58
38
26
54
75
59
21
42
65
91
54
28
25
21
73
20
41
45
55
64
93
9
66
21
32
17
64
67
67
52
40
44
65
79
28
48
48
9
99
5
9
10
33
52
45
47
98
63
39
84
59
37
62
19
15
47
50
3
17
23
31
23
87
36
51
5
8
64
94
87
77
57
53
44
55
56
50
36
30
92
51
78
86
81
21
98
35
70
31
98
48
6
35
82
81
24
32
36
7
2
56
29
52
64
77
60
87
98
27
2
4
40
97
45
73
39
42
0
5
45
61
61
10
83
80
6
92
30
45
98
56
79
56
89
12
66
44
74
65
51
85
60
5
50
54
67
12
92
52
21
52
60
6
64
48
77
20
79
77
22
7
92
19
30
87
90
88
93
6
0
9
44
8
21
82
8
89
67
35
92
68
33
68
67
50
89
78
68
100
1
20
26
70
38
18
35
47
67
54
28
90
84
35
3
95
55
96
23
14
9
13
62
22
92
27
29
62
61
25
35
44
89
34
72
3
41
74
37
49
1
7
34
51
80
54
94
1
54
55
92
91
32
53
13
46
30
69
38
85
2
20
32
31
82
11
26
91
90
51
87
27
88
35
23
26
